[[ 2.  4.  3.  8.]
 [ 3.  3.  9.  8.]
 [ 8.  0.  6.  6.]]
(3, 4)
[ 2.  4.  3.  8.  3.  3.  9.  8.  8.  0.  6.  6.]



[[ 2.  3.  8.]
 [ 4.  3.  0.]
 [ 3.  9.  6.]
 [ 8.  8.  6.]]
(4, 3)
(3, 4)


resize actually changes the array
[[ 2.  4.  3.  8.]
 [ 3.  3.  9.  8.]
 [ 8.  0.  6.  6.]]
[[ 2.  4.  3.  8.  3.  3.]
 [ 9.  8.  8.  0.  6.  6.]]


 with -1?
[[ 2.  4.  3.  8.  3.  3.]
 [ 9.  8.  8.  0.  6.  6.]]
[[ 2.  4.  3.  8.  3.  3.]
 [ 9.  8.  8.  0.  6.  6.]]
